Clave     nombre:             
1         con                 
1953394531abilidad            
100663657                     
32                            
3                             
32767                         
100663559                     
32                            
3                             
32767                         
100663559                     
32                            
3                             
32767                         
100663559                     
32                            
3                             
32767                         
100663559                     
32                            
3                             
32767                         
100663559                     
32                            
3                             
32767                         
100663559                     
32                            
3                             
32767                         
100663559                     
32                            
3                             
32767                         
100663559                     
32                            
3                             
32767                         
100663559                     
32                            
3                             
32767                         
100663559                     
32                            
3                             
32767                         
100663559                     
32                            
3                             
32767                         
100663559                     
32                            
3                             
32767                         
100663559                     
32                            
3                             
32767                         
100663559                     
32                            
3                             
32767                         
100663559                     
32                            
3                             
32767                         
100663559                     
32                            
3                             
32767                         
100663559                     
32                            
3                             
32767                         
100663559                     
32                            
3                             
32767                         
100663559                     
32                            
3                             
32767                         
100663559                     
32                            
3                             
32767                         
100663559                     
32                            
3                             
32767                         
100663559                     
32                            
3                             
32767                         
100663559                     
32                            
3                             
32767                         
100663559                     
32                            
3                             
32767                         
100663559                     
32                            
3                             
32767                         
100663559                     
32                            
3                             
32767                         
100663559                     
32                            
3                             
32767                         
100663559                     
32                            
3                             
32767                         
100663559                     
32                            
3                             
32767                         
100663559                     
32                            
3                             
32767                         
100663559                     
32                            
3                             
32767                         
100663559                     
32                            
3                             
32767                         
100663559                     
32                            
3                             
32767                         
100663559                     
32                            
3                             
32767                         
100663559                     
32                            
3                             
32767                         
100663559                     
32                            
3                             
32767                         
100663559                     
32                            
3                             
32767                         
100663559                     
32                            
3                             
32767                         
100663559                     
32                            
3                             
32767                         
100663559                     
32                            
3                             
32767                         
100663559                     
32                            
3                             
32767                         
100663559                     
32                            
3                             
32767                         
100663559                     
32                            
3                             
32767                         
100663559                     
32                            
3                             
32767                         
100663559                     
32                            
3                             
32767                         
100663559                     
32                            
3                             
32767                         
100663559                     
32                            
3                             
32767                         
100663559                     
32                            
3                             
32767                         
100663559                     
32                            
3                             
32767                         
